000006 000037
000007 003720
000010 000000
000011 000144
000012 000310
000013 000454
000014 000620
000015 000000
000016 000001
000017 000001
000020 000764
000021 001130
000022 003720
000037 000004
000040 000013
000041 000013
000042 000016
000043 000054
000044 000101
000045 000014
000046 000030
000047 000101
000050 000015
000051 000000
000052 000014
000053 000004
000054 000101
000055 000010
000056 000022
000057 000101
000060 000024
000061 000006
000062 000000
000063 000013
000064 000101
000065 000000
000066 000011
000067 000011
000070 000000
000071 000021
000072 000053
000073 000144
000074 000010
000075 000101
000076 000022
000077 000023
000100 000024
000101 000003
000102 000030
000103 000101
000104 000060
000105 000101
000106 000053
000107 000144
000110 000007
000111 000010
000112 000022
000113 000101
000114 000017
000115 000021
000116 000016
000117 000011
000120 000004
000121 000002
000122 000023
000123 000101
000124 000010
000125 000022
000126 000101
000127 000005
000130 000016
000131 000021
000132 000101
000133 000040
000134 000036
000135 000040
000136 000033
000137 000053
000140 000144
000141 000010
000142 000101
000143 000000
000144 000014
000145 000101
000146 000005
000147 000021
000150 000016
000151 000014
000152 000101
000153 000022
000154 000004
000155 000002
000156 000023
000157 000010
000160 000016
000161 000015
000162 000101
000163 000033
000164 000032
000165 000053
000166 000144
000167 000007
000170 000010
000171 000022
000172 000101
000173 000010
000174 000022
000175 000101
000176 000017
000177 000000
000200 000021
000201 000023
000202 000101
000203 000035
000204 000101
000205 000016
000206 000005
000207 000101
000210 000016
000211 000024
000212 000021
000213 000101
000214 000017
000215 000021
000216 000016
000217 000011
000220 000004
000221 000002
000222 000023
000223 000062
000224 000053
000225 000144
000226 000007
000227 000010
000230 000022
000231 000101
000232 000017
000233 000021
000234 000016
000235 000011
000236 000004
000237 000002
000240 000023
000241 000101
000242 000026
000243 000010
000244 000013
000245 000013
000246 000101
000247 000006
000250 000004
000251 000023
000252 000101
000253 000000
000254 000101
000255 000017
000256 000004
000257 000021
000260 000005
000261 000004
000262 000002
000263 000023
000264 000101
000265 000022
000266 000002
000267 000016
000270 000021
000271 000004
000272 000053
000273 000144
003720 000022
003721 000023
003722 000024
003723 000003
003724 000030
000144 102106
000145 102207
000146 002100
000147 002600
000150 003100
000151 007501
000152 102313
000153 021300
000154 003100
000155 007544
000156 102313
000157 021300
000160 012200
000161 102315
000162 004310
000163 102312
000164 020300
000165 102315
000166 003306
000167 001501
000170 005306
000171 003715
000172 021711
000310 102315
000311 003306
000312 001501
000313 005306
000314 003307
000315 001501
000316 005307
000317 003715
000320 021711
000454 102315
000455 003710
000456 021714
000457 003717
000460 001541
000461 005717
000462 003722
000463 005707
000464 003715
000465 021711
000620 000000
000764 102315
000765 003710
000766 021714
000767 003720
000770 001746
000771 021721
000772 003720
000773 001541
000774 005720
000775 003715
000776 001541
000777 005717
001000 003715
001001 021711
001130 000000
